{
 "cells": [
  {
   "cell_type": "code",
   "execution_count": 3,
   "id": "a5d74652",
   "metadata": {},
   "outputs": [],
   "source": [
    "import open3d as o3d\n",
    "import numpy as np\n",
    "import sys\n",
    "\n",
    "sys.path.append('./data/')\n",
    "from camera import *\n",
    "from dataloader import *\n",
    "\n",
    "sys.path.append('./algorithm/')\n",
    "from measurement import *\n",
    "from pose import *\n",
    "from update import *\n",
    "from prediction import *\n",
    "\n",
    "from pipeline import *\n",
    "\n",
    "import matplotlib.pyplot as plt\n",
    "import time"
   ]
  },
  {
   "cell_type": "code",
   "execution_count": 4,
   "id": "c6a3c5d0",
   "metadata": {},
   "outputs": [
    {
     "name": "stdout",
     "output_type": "stream",
     "text": [
      "KinectFusion pipeline total frame number: 798\n",
      "Running frame: 0\n",
      "Running frame: 1\n",
      "Depth streaming Wall time is 6.761 ms.\n",
      "Surface Measurement wall time is 7.390 s.\n",
      "Pose Estimation wall time is 94.157 s.\n",
      "Pose of this frame is:\n",
      "[[ 0.99997525 -0.00453627  0.00537727 -0.00121786]\n",
      " [ 0.00454862  0.99998704 -0.00228592 -0.00931563]\n",
      " [-0.00536683  0.00231032  0.99998293 -0.00622282]\n",
      " [ 0.          0.          0.          1.        ]]\n",
      "As trajectory is: [-0.00122681 -0.00932437 -0.00620797  0.00114907  0.00268604  0.00227124\n",
      "  0.99999315]\n",
      "TSDF Update Wall time is 28.980 ms.\n",
      "Surface Prediction wall time is 8.146 s.\n",
      "Overall frame wall time is 109.732 s.\n",
      "Running frame: 2\n",
      "Depth streaming Wall time is 6.502 ms.\n",
      "Surface Measurement wall time is 7.051 s.\n",
      "Pose Estimation wall time is 96.588 s.\n",
      "Pose of this frame is:\n",
      "[[ 9.99964346e-01 -5.79744156e-03  6.13972609e-03 -1.92429682e-04]\n",
      " [ 5.83023647e-03  9.99968762e-01 -5.33706897e-03 -8.52661631e-03]\n",
      " [-6.10859294e-03  5.37267474e-03  9.99966909e-01 -9.60721631e-03]\n",
      " [ 0.00000000e+00  0.00000000e+00  0.00000000e+00  1.00000000e+00]]\n",
      "As trajectory is: [-1.83448437e-04 -8.57685081e-03 -9.56257272e-03  2.67746939e-03\n",
      "  3.06211803e-03  2.90695584e-03  9.99987502e-01]\n",
      "TSDF Update Wall time is 27.610 ms.\n",
      "Surface Prediction wall time is 5.943 s.\n",
      "Overall frame wall time is 109.617 s.\n",
      "Running frame: 3\n",
      "Depth streaming Wall time is 6.578 ms.\n",
      "Surface Measurement wall time is 6.927 s.\n",
      "Pose Estimation wall time is 92.344 s.\n",
      "Pose of this frame is:\n",
      "[[ 9.99943174e-01 -5.31107185e-03  9.24340864e-03 -5.93818470e-04]\n",
      " [ 5.44760377e-03  9.99875504e-01 -1.48087754e-02 -8.92614471e-03]\n",
      " [-9.16360740e-03  1.48582883e-02  9.99847618e-01 -1.28568464e-02]\n",
      " [ 0.00000000e+00  0.00000000e+00  0.00000000e+00  1.00000000e+00]]\n",
      "As trajectory is: [-5.24595733e-04 -9.11291036e-03 -1.27281908e-02  7.41707530e-03\n",
      "  4.60194598e-03  2.68978111e-03  9.99958286e-01]\n",
      "TSDF Update Wall time is 23.059 ms.\n",
      "Surface Prediction wall time is 6.559 s.\n",
      "Overall frame wall time is 105.861 s.\n",
      "Running frame: 4\n",
      "Depth streaming Wall time is 5.584 ms.\n",
      "Surface Measurement wall time is 6.818 s.\n",
      "Pose Estimation wall time is 123.653 s.\n",
      "Pose of this frame is:\n",
      "[[ 0.99989913 -0.00679452  0.01247218 -0.00402377]\n",
      " [ 0.00699142  0.99985054 -0.015812   -0.00780999]\n",
      " [-0.01236288  0.0158976   0.99979719 -0.01568638]\n",
      " [ 0.          0.          0.          1.        ]]\n",
      "As trajectory is: [-0.00388403 -0.00803086 -0.0156099   0.00792785  0.00620912  0.00344668\n",
      "  0.99994336]\n",
      "TSDF Update Wall time is 34.843 ms.\n",
      "Surface Prediction wall time is 5.670 s.\n",
      "Overall frame wall time is 136.183 s.\n",
      "Running frame: 5\n",
      "Depth streaming Wall time is 5.885 ms.\n",
      "Surface Measurement wall time is 6.826 s.\n",
      "Pose Estimation wall time is 145.447 s.\n",
      "Pose of this frame is:\n",
      "[[ 0.99996699  0.00413768  0.00699208  0.00489967]\n",
      " [-0.00395631  0.99966041 -0.0257567   0.00109475]\n",
      " [-0.00709627  0.02572818  0.99964379 -0.03385421]\n",
      " [ 0.          0.          0.          1.        ]]\n",
      "As trajectory is: [ 5.13541304e-03  2.43641083e-04 -3.38360911e-02  1.28723927e-02\n",
      "  3.52240816e-03 -2.02368280e-03  9.99908895e-01]\n",
      "TSDF Update Wall time is 34.122 ms.\n",
      "Surface Prediction wall time is 5.607 s.\n",
      "Overall frame wall time is 157.922 s.\n",
      "Running frame: 6\n",
      "Depth streaming Wall time is 6.313 ms.\n",
      "Surface Measurement wall time is 8.424 s.\n",
      "Pose Estimation wall time is 133.500 s.\n",
      "Pose of this frame is:\n",
      "[[ 0.9999015  -0.00273178  0.01376687 -0.00288022]\n",
      " [ 0.00302205  0.99977263 -0.02110842 -0.00508502]\n",
      " [-0.01370608  0.02114795  0.9996824  -0.02583885]\n",
      " [ 0.          0.          0.          1.        ]]\n",
      "As trajectory is: [-0.00254116 -0.00562244 -0.02576296  0.01056494  0.00686879  0.00143857\n",
      "  0.99991956]\n",
      "TSDF Update Wall time is 23.514 ms.\n"
     ]
    },
    {
     "ename": "KeyboardInterrupt",
     "evalue": "",
     "output_type": "error",
     "traceback": [
      "\u001b[0;31m---------------------------------------------------------------------------\u001b[0m",
      "\u001b[0;31mKeyboardInterrupt\u001b[0m                         Traceback (most recent call last)",
      "\u001b[0;32m/var/folders/rj/qxbbv7cd2ts04nbxkkyzgjfw0000gn/T/ipykernel_2553/1284679720.py\u001b[0m in \u001b[0;36m<module>\u001b[0;34m\u001b[0m\n\u001b[1;32m      5\u001b[0m \u001b[0;32mwhile\u001b[0m \u001b[0mkf\u001b[0m\u001b[0;34m.\u001b[0m\u001b[0mhas_next_frame\u001b[0m\u001b[0;34m(\u001b[0m\u001b[0;34m)\u001b[0m\u001b[0;34m:\u001b[0m\u001b[0;34m\u001b[0m\u001b[0;34m\u001b[0m\u001b[0m\n\u001b[1;32m      6\u001b[0m     \u001b[0mtimer\u001b[0m\u001b[0;34m.\u001b[0m\u001b[0mstartMeasure\u001b[0m\u001b[0;34m(\u001b[0m\u001b[0;34m\"Overall frame\"\u001b[0m\u001b[0;34m)\u001b[0m\u001b[0;34m\u001b[0m\u001b[0;34m\u001b[0m\u001b[0m\n\u001b[0;32m----> 7\u001b[0;31m     \u001b[0mkf\u001b[0m\u001b[0;34m.\u001b[0m\u001b[0mnext_frame\u001b[0m\u001b[0;34m(\u001b[0m\u001b[0;34m)\u001b[0m\u001b[0;34m\u001b[0m\u001b[0;34m\u001b[0m\u001b[0m\n\u001b[0m\u001b[1;32m      8\u001b[0m     \u001b[0mtimer\u001b[0m\u001b[0;34m.\u001b[0m\u001b[0mstopMeasure\u001b[0m\u001b[0;34m(\u001b[0m\u001b[0;34m)\u001b[0m\u001b[0;34m\u001b[0m\u001b[0;34m\u001b[0m\u001b[0m\n",
      "\u001b[0;32m~/Study/cs231a/project/KinectFusion/pipeline.py\u001b[0m in \u001b[0;36mnext_frame\u001b[0;34m(self)\u001b[0m\n\u001b[1;32m    139\u001b[0m         \u001b[0;31m# Surface Prediction\u001b[0m\u001b[0;34m\u001b[0m\u001b[0;34m\u001b[0m\u001b[0m\n\u001b[1;32m    140\u001b[0m         \u001b[0mtimer\u001b[0m\u001b[0;34m.\u001b[0m\u001b[0mstartMeasure\u001b[0m\u001b[0;34m(\u001b[0m\u001b[0;34m\"Surface Prediction\"\u001b[0m\u001b[0;34m)\u001b[0m\u001b[0;34m\u001b[0m\u001b[0;34m\u001b[0m\u001b[0m\n\u001b[0;32m--> 141\u001b[0;31m         \u001b[0mself\u001b[0m\u001b[0;34m.\u001b[0m\u001b[0mprev_point_cloud\u001b[0m \u001b[0;34m=\u001b[0m \u001b[0mray_cast_vbg\u001b[0m\u001b[0;34m(\u001b[0m\u001b[0mself\u001b[0m\u001b[0;34m.\u001b[0m\u001b[0mvbg\u001b[0m\u001b[0;34m,\u001b[0m \u001b[0mself\u001b[0m\u001b[0;34m.\u001b[0m\u001b[0mcamera\u001b[0m\u001b[0;34m,\u001b[0m \u001b[0mdepth\u001b[0m\u001b[0;34m)\u001b[0m\u001b[0;34m\u001b[0m\u001b[0;34m\u001b[0m\u001b[0m\n\u001b[0m\u001b[1;32m    142\u001b[0m         \u001b[0mtimer\u001b[0m\u001b[0;34m.\u001b[0m\u001b[0mstopMeasure\u001b[0m\u001b[0;34m(\u001b[0m\u001b[0;34m)\u001b[0m\u001b[0;34m\u001b[0m\u001b[0;34m\u001b[0m\u001b[0m\n\u001b[1;32m    143\u001b[0m \u001b[0;34m\u001b[0m\u001b[0m\n",
      "\u001b[0;32m~/Study/cs231a/project/KinectFusion/./algorithm/prediction.py\u001b[0m in \u001b[0;36mray_cast_vbg\u001b[0;34m(vbg, camera, depth)\u001b[0m\n\u001b[1;32m     16\u001b[0m \u001b[0;34m\u001b[0m\u001b[0m\n\u001b[1;32m     17\u001b[0m     \u001b[0;31m# TODO: tune weight_threshold, range_map_down_factor\u001b[0m\u001b[0;34m\u001b[0m\u001b[0;34m\u001b[0m\u001b[0m\n\u001b[0;32m---> 18\u001b[0;31m     result = vbg.ray_cast(block_coords=frustum_block_coords,\n\u001b[0m\u001b[1;32m     19\u001b[0m                           \u001b[0mintrinsic\u001b[0m\u001b[0;34m=\u001b[0m\u001b[0mcamera\u001b[0m\u001b[0;34m.\u001b[0m\u001b[0mintrinsic\u001b[0m\u001b[0;34m,\u001b[0m\u001b[0;34m\u001b[0m\u001b[0;34m\u001b[0m\u001b[0m\n\u001b[1;32m     20\u001b[0m                           \u001b[0mextrinsic\u001b[0m\u001b[0;34m=\u001b[0m\u001b[0mextrinsic\u001b[0m\u001b[0;34m,\u001b[0m\u001b[0;34m\u001b[0m\u001b[0;34m\u001b[0m\u001b[0m\n",
      "\u001b[0;31mKeyboardInterrupt\u001b[0m: "
     ]
    }
   ],
   "source": [
    "kf = KinectFusion()\n",
    "kf.first_frame()\n",
    "timer = PerfTimer()\n",
    "\n",
    "while kf.has_next_frame():\n",
    "    timer.startMeasure(\"Overall frame\")\n",
    "    kf.next_frame()\n",
    "    timer.stopMeasure()"
   ]
  }
 ],
 "metadata": {
  "kernelspec": {
   "display_name": "Python 3 (ipykernel)",
   "language": "python",
   "name": "python3"
  },
  "language_info": {
   "codemirror_mode": {
    "name": "ipython",
    "version": 3
   },
   "file_extension": ".py",
   "mimetype": "text/x-python",
   "name": "python",
   "nbconvert_exporter": "python",
   "pygments_lexer": "ipython3",
   "version": "3.9.13"
  }
 },
 "nbformat": 4,
 "nbformat_minor": 5
}
