{
 "cells": [
  {
   "cell_type": "code",
   "execution_count": 2,
   "id": "a5d74652",
   "metadata": {},
   "outputs": [],
   "source": [
    "# !pip install open3d\n",
    "import open3d as o3d\n",
    "import numpy as np\n",
    "import sys\n",
    "\n",
    "sys.path.append('./data/')\n",
    "from camera import *\n",
    "from dataloader import *\n",
    "from trajprocessor import *\n",
    "\n",
    "sys.path.append('./algorithm/')\n",
    "from measurement import *\n",
    "from pose import *\n",
    "from update import *\n",
    "from prediction import *\n",
    "\n",
    "sys.path.append('./eval')\n",
    "import associate\n",
    "\n",
    "from pipeline import *\n",
    "\n",
    "import matplotlib.pyplot as plt\n",
    "import time"
   ]
  },
  {
   "cell_type": "code",
   "execution_count": 4,
   "id": "7bac6802",
   "metadata": {},
   "outputs": [
    {
     "name": "stdout",
     "output_type": "stream",
     "text": [
      "KinectFusion pipeline total frame number: 1121\n",
      "Depth filtered: True\n"
     ]
    }
   ],
   "source": [
    "data_folders = [\"./data/datasets/\" + \"rgbd_dataset_freiburg1_360/\", # 0\n",
    "                    \"./data/datasets/\" + \"rgbd_dataset_freiburg1_plant/\", # 1\n",
    "                    \"./data/datasets/\" + \"rgbd_dataset_freiburg1_xyz/\", # 2\n",
    "                    \"./data/datasets/\" + \"rgbd_dataset_freiburg2_coke/\", # 3\n",
    "                    \"./data/datasets/\" + \"rgbd_dataset_freiburg2_dishes/\", # 4\n",
    "                    \"./data/datasets/\" + \"rgbd_dataset_freiburg2_flowerbouquet/\", # 5\n",
    "                    \"./data/datasets/\" + \"rgbd_dataset_freiburg2_flowerbouquet_brownbackground/\", # 6\n",
    "                    \"./data/datasets/\" + \"rgbd_dataset_freiburg2_metallic_sphere/\", # 7\n",
    "                    \"./data/datasets/\" + \"rgbd_dataset_freiburg2_metallic_sphere2/\", # 8\n",
    "                    \"./data/datasets/\" + \"rgbd_dataset_freiburg2_xyz/\", # 9\n",
    "                    \"./data/datasets/\" + \"rgbd_dataset_freiburg3_cabinet/\", # 10\n",
    "                    \"./data/datasets/\" + \"rgbd_dataset_freiburg3_nostructure_notexture_far/\", # 11\n",
    "                    \"./data/datasets/\" + \"rgbd_dataset_freiburg3_sitting_static/\", # 12\n",
    "                    \"./data/datasets/\" + \"rgbd_dataset_freiburg3_sitting_xyz/\", # 13\n",
    "                    \"./data/datasets/\" + \"rgbd_dataset_freiburg3_structure_notexture_far/\", # 14\n",
    "                    \"./data/datasets/\" + \"rgbd_dataset_freiburg3_teddy/\", # 15\n",
    "                    \"./data/datasets/\" + \"rgbd_dataset_freiburg3_walking_static/\"] # 16\n",
    "\n",
    "data_folder = data_folders[10]\n",
    "filtered_depths = True\n",
    "\n",
    "kf = KinectFusion(data_folder=data_folder, depth_filtered=filtered_depths)"
   ]
  },
  {
   "cell_type": "code",
   "execution_count": 14,
   "id": "0c1e7be4",
   "metadata": {},
   "outputs": [
    {
     "name": "stdout",
     "output_type": "stream",
     "text": [
      "Timestamp out of range\n",
      "Timestamp out of range\n",
      "Timestamp out of range\n",
      "3 True [[ 9.99999996e-01  1.29463429e-08  8.92579413e-05  5.57943099e-05]\n",
      " [ 1.29463429e-08  9.99999958e-01 -2.90088309e-04  2.23177220e-04]\n",
      " [-8.92579413e-05  2.90088309e-04  9.99999954e-01  5.97610200e-08]\n",
      " [ 0.00000000e+00  0.00000000e+00  0.00000000e+00  1.00000000e+00]]\n",
      "4 True [[ 9.99998146e-01  4.77030687e-04  1.86561967e-03  1.25692124e-03]\n",
      " [-4.68387770e-04  9.99989170e-01 -4.63042897e-03  6.53632823e-03]\n",
      " [-1.86780832e-03  4.62954655e-03  9.99987539e-01  4.27926399e-04]\n",
      " [ 0.00000000e+00  0.00000000e+00  0.00000000e+00  1.00000000e+00]]\n",
      "5 True [[ 9.99972255e-01  4.18500967e-03  6.16245959e-03  3.27453974e-03]\n",
      " [-4.11183668e-03  9.99921460e-01 -1.18391679e-02  1.28560032e-02]\n",
      " [-6.21152262e-03  1.18135004e-02  9.99910925e-01  5.13674522e-04]\n",
      " [ 0.00000000e+00  0.00000000e+00  0.00000000e+00  1.00000000e+00]]\n",
      "6 True [[ 9.99965006e-01  4.98901334e-03  6.71534339e-03  5.42644078e-03]\n",
      " [-4.91129840e-03  9.99921352e-01 -1.15399057e-02  1.84180083e-02]\n",
      " [-6.77238798e-03  1.15065208e-02  9.99910863e-01  5.23247941e-04]\n",
      " [ 0.00000000e+00  0.00000000e+00  0.00000000e+00  1.00000000e+00]]\n",
      "7 True [[ 9.99970907e-01  3.85945585e-03  6.57953047e-03  8.05510361e-03]\n",
      " [-3.79551993e-03  9.99945728e-01 -9.70234692e-03  2.43475209e-02]\n",
      " [-6.61661917e-03  9.67709191e-03  9.99931285e-01  3.29941521e-04]\n",
      " [ 0.00000000e+00  0.00000000e+00  0.00000000e+00  1.00000000e+00]]\n",
      "8 True [[ 9.99961946e-01  3.23279760e-03  8.10286713e-03  1.16173964e-02]\n",
      " [-3.14114076e-03  9.99931231e-01 -1.12989702e-02  3.04244778e-02]\n",
      " [-8.13883719e-03  1.12730880e-02  9.99903334e-01  2.49655182e-04]\n",
      " [ 0.00000000e+00  0.00000000e+00  0.00000000e+00  1.00000000e+00]]\n",
      "9 True [[ 9.99904829e-01  4.38164424e-03  1.30818074e-02  1.49798188e-02]\n",
      " [-4.14272290e-03  9.99825142e-01 -1.82352052e-02  3.50733231e-02]\n",
      " [-1.31594202e-02  1.81792755e-02  9.99748140e-01  3.16274787e-04]\n",
      " [ 0.00000000e+00  0.00000000e+00  0.00000000e+00  1.00000000e+00]]\n",
      "10 True [[ 9.99833065e-01  1.08943356e-03  1.82388434e-02  1.92428679e-02]\n",
      " [-6.56034147e-04  9.99717676e-01 -2.37515803e-02  4.08306670e-02]\n",
      " [-1.82595699e-02  2.37356500e-02  9.99551503e-01  3.18968270e-04]\n",
      " [ 0.00000000e+00  0.00000000e+00  0.00000000e+00  1.00000000e+00]]\n",
      "11 True [[ 9.99813638e-01  3.15674787e-04  1.93025805e-02  2.37040949e-02]\n",
      " [ 1.81930174e-04  9.99667830e-01 -2.57720049e-02  4.60297804e-02]\n",
      " [-1.93043043e-02  2.57707137e-02  9.99481473e-01  4.28951953e-04]\n",
      " [ 0.00000000e+00  0.00000000e+00  0.00000000e+00  1.00000000e+00]]\n",
      "12 True [[ 9.99815648e-01  3.50428746e-03  1.88782802e-02  2.86208516e-02]\n",
      " [-3.00367406e-03  9.99644795e-01 -2.64813523e-02  5.10586075e-02]\n",
      " [-1.89643728e-02  2.64197662e-02  9.99471034e-01  4.72520547e-04]\n",
      " [ 0.00000000e+00  0.00000000e+00  0.00000000e+00  1.00000000e+00]]\n",
      "13 True [[ 9.99729900e-01  6.29059449e-03  2.23731099e-02  3.43613036e-02]\n",
      " [-5.58461924e-03  9.99488833e-01 -3.14783292e-02  5.60501564e-02]\n",
      " [-2.25596909e-02  3.13448816e-02  9.99254001e-01  5.96040702e-04]\n",
      " [ 0.00000000e+00  0.00000000e+00  0.00000000e+00  1.00000000e+00]]\n",
      "14 True [[ 0.99964304  0.0075579   0.02562559  0.04008341]\n",
      " [-0.00656331  0.99923022 -0.03867686  0.06054427]\n",
      " [-0.02589818  0.03849487  0.99892313  0.00110139]\n",
      " [ 0.          0.          0.          1.        ]]\n",
      "15 True [[ 0.99949259  0.01381346  0.02870107  0.04672351]\n",
      " [-0.01239002  0.99871236 -0.04919467  0.06424494]\n",
      " [-0.02934366  0.0488141   0.99837675  0.00124988]\n",
      " [ 0.          0.          0.          1.        ]]\n",
      "16 True [[ 0.99933815  0.01609227  0.03262366  0.05386097]\n",
      " [-0.01425842  0.99834652 -0.05568595  0.06867866]\n",
      " [-0.03346583  0.05518393  0.99791521  0.00109726]\n",
      " [ 0.          0.          0.          1.        ]]\n",
      "17 True [[ 9.99212599e-01  1.74143938e-02  3.56499659e-02  6.03805978e-02]\n",
      " [-1.52780141e-02  9.98120556e-01 -5.93459257e-02  7.28967137e-02]\n",
      " [-3.66164371e-02  5.87545360e-02  9.97600692e-01  5.65886420e-04]\n",
      " [ 0.00000000e+00  0.00000000e+00  0.00000000e+00  1.00000000e+00]]\n",
      "18 True [[ 9.99020959e-01  1.64564898e-02  4.10646781e-02  6.81630587e-02]\n",
      " [-1.36017694e-02  9.97534038e-01 -6.88537224e-02  7.85269419e-02]\n",
      " [-4.20965047e-02  6.82277595e-02  9.96781248e-01  3.08772062e-04]\n",
      " [ 0.00000000e+00  0.00000000e+00  0.00000000e+00  1.00000000e+00]]\n",
      "19 True [[ 9.98813415e-01  1.98890648e-02  4.44543261e-02  7.56671218e-02]\n",
      " [-1.63770825e-02  9.96817633e-01 -7.80153718e-02  8.24151204e-02]\n",
      " [-4.58645089e-02  7.71947678e-02  9.95960549e-01  8.55823071e-04]\n",
      " [ 0.00000000e+00  0.00000000e+00  0.00000000e+00  1.00000000e+00]]\n",
      "20 True [[ 0.99863333  0.02377237  0.04654399  0.08380297]\n",
      " [-0.01976777  0.99621171 -0.08468454  0.08685485]\n",
      " [-0.04838082  0.08364873  0.99532014  0.00116848]\n",
      " [ 0.          0.          0.          1.        ]]\n",
      "21 True [[ 0.99861822  0.02298665  0.04725742  0.092983  ]\n",
      " [-0.01894631  0.99626586 -0.0842341   0.09272727]\n",
      " [-0.04901721  0.08322235  0.99532475  0.0012908 ]\n",
      " [ 0.          0.          0.          1.        ]]\n",
      "22 True [[ 0.99842641  0.02679021  0.0492645   0.10107056]\n",
      " [-0.02231227  0.99575482 -0.08930006  0.09732747]\n",
      " [-0.05144774  0.08806034  0.99478566  0.00162061]\n",
      " [ 0.          0.          0.          1.        ]]\n",
      "23 True [[ 0.998162    0.02781811  0.05384029  0.10948523]\n",
      " [-0.02249055  0.99501619 -0.09714395  0.10274686]\n",
      " [-0.05627433  0.0957545   0.993813    0.00271354]\n",
      " [ 0.          0.          0.          1.        ]]\n",
      "24 True [[ 0.9979592   0.02125874  0.06021213  0.11775088]\n",
      " [-0.01519176  0.99492331 -0.0994827   0.10895615]\n",
      " [-0.06202133  0.09836495  0.99321583  0.00364044]\n",
      " [ 0.          0.          0.          1.        ]]\n",
      "25 True [[ 0.99780321  0.02354824  0.06192124  0.12632886]\n",
      " [-0.01714935  0.99464564 -0.10191144  0.11413084]\n",
      " [-0.06398953  0.10062566  0.99286445  0.00393689]\n",
      " [ 0.          0.          0.          1.        ]]\n",
      "26 True [[ 0.99747909  0.02400642  0.06677694  0.1349983 ]\n",
      " [-0.01675153  0.99410116 -0.10715538  0.11971609]\n",
      " [-0.06895545  0.10576664  0.99199726  0.00414663]\n",
      " [ 0.          0.          0.          1.        ]]\n",
      "27 True [[ 0.99723635  0.02388465  0.07035039  0.1434885 ]\n",
      " [-0.01577071  0.99338869 -0.11371105  0.12509523]\n",
      " [-0.07260123  0.11228732  0.99101999  0.00492125]\n",
      " [ 0.          0.          0.          1.        ]]\n",
      "28 True [[ 0.99699089  0.02667946  0.07278301  0.15098503]\n",
      " [-0.01774788  0.9925291  -0.12071038  0.12982914]\n",
      " [-0.07545974  0.11905541  0.99001598  0.00611818]\n",
      " [ 0.          0.          0.          1.        ]]\n",
      "29 True [[ 0.99676538  0.03602142  0.07184175  0.16120943]\n",
      " [-0.02666634  0.99152267 -0.12716797  0.13448559]\n",
      " [-0.0758135   0.12484088  0.98927603  0.00725134]\n",
      " [ 0.          0.          0.          1.        ]]\n",
      "30 True [[ 0.9966051   0.03764017  0.07322224  0.16860922]\n",
      " [-0.02789043  0.99113616 -0.12988929  0.13945993]\n",
      " [-0.07746226  0.12740613  0.98882115  0.00785552]\n",
      " [ 0.          0.          0.          1.        ]]\n",
      "31 True [[ 0.9963779   0.03545749  0.07729065  0.17500171]\n",
      " [-0.02479255  0.99056039 -0.13481631  0.14528466]\n",
      " [-0.0813413   0.13241176  0.98785157  0.00870278]\n",
      " [ 0.          0.          0.          1.        ]]\n",
      "32 True [[ 0.99608774  0.03581505  0.08078677  0.18234701]\n",
      " [-0.02412843  0.98967943 -0.14125312  0.15107141]\n",
      " [-0.085012    0.13875124  0.9866717   0.00923112]\n",
      " [ 0.          0.          0.          1.        ]]\n",
      "33 True [[ 0.99592506  0.03906927  0.08128261  0.18919186]\n",
      " [-0.02708073  0.98925301 -0.14368409  0.15512435]\n",
      " [-0.0860227   0.14089739  0.98627989  0.01001453]\n",
      " [ 0.          0.          0.          1.        ]]\n",
      "34 True [[ 0.99565989  0.04396085  0.08202947  0.19672173]\n",
      " [-0.03139922  0.9884016  -0.14858118  0.15890424]\n",
      " [-0.08760981  0.14536066  0.98549216  0.01121421]\n",
      " [ 0.          0.          0.          1.        ]]\n",
      "35 True [[ 0.99553073  0.04489413  0.08308479  0.2028537 ]\n",
      " [-0.03196677  0.98803977 -0.15084937  0.16273152]\n",
      " [-0.08886333  0.14751923  0.98505908  0.01225909]\n",
      " [ 0.          0.          0.          1.        ]]\n",
      "36 True [[ 0.99548068  0.04779658  0.08205911  0.20915177]\n",
      " [-0.03504824  0.98801797 -0.1503067   0.1655881 ]\n",
      " [-0.08826003  0.14675139  0.98522799  0.01297664]\n",
      " [ 0.          0.          0.          1.        ]]\n",
      "37 True [[ 0.99534818  0.05464674  0.07934568  0.21697735]\n",
      " [-0.04218547  0.98763234 -0.15100577  0.16708412]\n",
      " [-0.08661634  0.14695609  0.98534335  0.01418781]\n",
      " [ 0.          0.          0.          1.        ]]\n",
      "38 True [[ 0.99516385  0.05419619  0.0819249   0.22140063]\n",
      " [-0.04097802  0.98703484 -0.15518708  0.17084827]\n",
      " [-0.08927328  0.15107945  0.98448224  0.01540765]\n",
      " [ 0.          0.          0.          1.        ]]\n",
      "39 True [[ 0.99476565  0.05202981  0.08794429  0.22506403]\n",
      " [-0.03713055  0.98588174 -0.16327438  0.17698082]\n",
      " [-0.09519781  0.15915432  0.98265318  0.01746926]\n",
      " [ 0.          0.          0.          1.        ]]\n",
      "40 True [[ 0.99451043  0.05555031  0.08867456  0.22949626]\n",
      " [-0.04017743  0.98520838 -0.16658399  0.17991387]\n",
      " [-0.09661671  0.1621068   0.98203187  0.01878445]\n",
      " [ 0.          0.          0.          1.        ]]\n",
      "41 True [[ 0.99424373  0.05902681  0.08941611  0.23432534]\n",
      " [-0.04328841  0.9847148  -0.16870944  0.18305123]\n",
      " [-0.09800775  0.16386762  0.98160169  0.01974473]\n",
      " [ 0.          0.          0.          1.        ]]\n",
      "42 True [[ 0.99422215  0.06005437  0.08897067  0.23944197]\n",
      " [-0.04448632  0.98484429 -0.1676386   0.18717635]\n",
      " [-0.09768968  0.16271204  0.98182561  0.02024967]\n",
      " [ 0.          0.          0.          1.        ]]\n",
      "43 True [[ 0.99413284  0.05902424  0.09064232  0.24447578]\n",
      " [-0.04306442  0.98469289 -0.16889455  0.19056092]\n",
      " [-0.09922372  0.16400016  0.98145739  0.02047809]\n",
      " [ 0.          0.          0.          1.        ]]\n",
      "44 True [[ 0.99394383  0.05251001  0.09653171  0.24793237]\n",
      " [-0.0356397   0.98499886 -0.16884034  0.19613306]\n",
      " [-0.10394943  0.16437746  0.98090497  0.01991058]\n",
      " [ 0.          0.          0.          1.        ]]\n",
      "45 True [[ 0.99333207  0.05362336  0.10205844  0.25326101]\n",
      " [-0.03492093  0.98360556 -0.17691985  0.2006484 ]\n",
      " [-0.10987229  0.17217618  0.97891953  0.02048305]\n",
      " [ 0.          0.          0.          1.        ]]\n",
      "46 True [[ 0.99329345  0.05656927  0.10083675  0.26064379]\n",
      " [-0.03792993  0.98329917 -0.17800019  0.20457731]\n",
      " [-0.10922203  0.17298169  0.97885029  0.02125011]\n",
      " [ 0.          0.          0.          1.        ]]\n",
      "47 True [[ 0.99277719  0.0564861   0.10584311  0.26735591]\n",
      " [-0.03600147  0.98183321 -0.18629932  0.2107632 ]\n",
      " [-0.1144436   0.18114321  0.9767752   0.02258844]\n",
      " [ 0.          0.          0.          1.        ]]\n",
      "48 True [[ 0.99249265  0.05755733  0.10791432  0.27446999]\n",
      " [-0.03636718  0.98131761 -0.18892639  0.21552877]\n",
      " [-0.11677232  0.18358352  0.97604371  0.02315453]\n",
      " [ 0.          0.          0.          1.        ]]\n",
      "49 True [[ 0.9923444   0.0644899   0.10532638  0.28332948]\n",
      " [-0.04350999  0.98071406 -0.19054348  0.2188591 ]\n",
      " [-0.11558319  0.184502    0.97601206  0.0240367 ]\n",
      " [ 0.          0.          0.          1.        ]]\n",
      "50 True [[ 0.99187087  0.06802223  0.10754144  0.29267102]\n",
      " [-0.0457614   0.97926603 -0.19734219  0.22387943]\n",
      " [-0.11873533  0.19081673  0.97441824  0.02475197]\n",
      " [ 0.          0.          0.          1.        ]]\n",
      "51 True [[ 0.99130162  0.06934992  0.11185566  0.30101535]\n",
      " [-0.04502967  0.97733113 -0.20687241  0.22901577]\n",
      " [-0.1236666   0.20003613  0.97195273  0.0253907 ]\n",
      " [ 0.          0.          0.          1.        ]]\n",
      "52 True [[ 0.99086637  0.07140409  0.11439097  0.30978123]\n",
      " [-0.0455346   0.97564394 -0.21458218  0.23422609]\n",
      " [-0.1269269   0.20741352  0.96998412  0.02561036]\n",
      " [ 0.          0.          0.          1.        ]]\n",
      "53 True [[ 0.9902885   0.07406296  0.11765786  0.31947253]\n",
      " [-0.04635468  0.9737598  -0.2228073   0.24080686]\n",
      " [-0.13107226  0.21518952  0.96773629  0.02573531]\n",
      " [ 0.          0.          0.          1.        ]]\n",
      "54 True [[ 0.98967099  0.07478286  0.1223064   0.32768963]\n",
      " [-0.04500354  0.97209719 -0.23022107  0.24822634]\n",
      " [-0.1361103   0.22233889  0.96542188  0.02529809]\n",
      " [ 0.          0.          0.          1.        ]]\n",
      "55 True [[ 0.98913728  0.06969401  0.12942252  0.33512375]\n",
      " [-0.03736329  0.97074462 -0.23718951  0.25872496]\n",
      " [-0.14216691  0.22977734  0.96280369  0.02530014]\n",
      " [ 0.          0.          0.          1.        ]]\n",
      "56 True [[ 0.9886109   0.07291336  0.13165155  0.34415841]\n",
      " [-0.0385711   0.96833501 -0.24665679  0.26504459]\n",
      " [-0.14546738  0.23876965  0.9601189   0.02738243]\n",
      " [ 0.          0.          0.          1.        ]]\n",
      "57 True [[ 0.98832743  0.07858005  0.13051463  0.35388583]\n",
      " [-0.04362087  0.96680336 -0.2517707   0.26853875]\n",
      " [-0.14596614  0.24313873  0.95894601  0.02928243]\n",
      " [ 0.          0.          0.          1.        ]]\n",
      "58 True [[ 0.98766754  0.07866972  0.13536583  0.36315466]\n",
      " [-0.0411323   0.96460284 -0.26047935  0.27615973]\n",
      " [-0.1510661   0.25169909  0.95594278  0.03139758]\n",
      " [ 0.          0.          0.          1.        ]]\n",
      "59 True [[ 0.9866729   0.07757498  0.14303393  0.37149668]\n",
      " [-0.03571844  0.96085707 -0.27473239  0.28273919]\n",
      " [-0.15874752  0.26596205  0.95082249  0.03477934]\n",
      " [ 0.          0.          0.          1.        ]]\n",
      "60 True [[ 0.98643973  0.08129537  0.1425753   0.38048829]\n",
      " [-0.03840454  0.95892164 -0.28105939  0.28671245]\n",
      " [-0.15956736  0.27177261  0.94904052  0.03822876]\n",
      " [ 0.          0.          0.          1.        ]]\n",
      "61 True [[ 0.9852742   0.09265307  0.14370163  0.4010587 ]\n",
      " [-0.0466646   0.95425889 -0.29531742  0.29630488]\n",
      " [-0.16449062  0.28426286  0.94453029  0.04410688]\n",
      " [ 0.          0.          0.          1.        ]]\n",
      "62 True [[ 0.98472657  0.0891529   0.14955047  0.40784071]\n",
      " [-0.04042008  0.95254552 -0.30170061  0.30560201]\n",
      " [-0.16935112  0.29104776  0.94160045  0.04493694]\n",
      " [ 0.          0.          0.          1.        ]]\n",
      "63 True [[ 0.98428251  0.08788252  0.15318158  0.41463772]\n",
      " [-0.03688552  0.95056101 -0.30833946  0.31289677]\n",
      " [-0.17270609  0.29784296  0.93886217  0.04625005]\n",
      " [ 0.          0.          0.          1.        ]]\n",
      "64 True [[ 0.98411629  0.08926352  0.15345079  0.42133175]\n",
      " [-0.03805621  0.95037315 -0.30877597  0.31853618]\n",
      " [-0.17339794  0.29803171  0.93867473  0.04543682]\n",
      " [ 0.          0.          0.          1.        ]]\n",
      "65 True [[ 0.9829803   0.09007362  0.16011393  0.42865557]\n",
      " [-0.03458904  0.94670852 -0.32022893  0.32629846]\n",
      " [-0.1804254   0.30924054  0.93371139  0.04563649]\n",
      " [ 0.          0.          0.          1.        ]]\n",
      "66 True [[ 0.98234154  0.08913768  0.16449794  0.43442101]\n",
      " [-0.03070442  0.94409977 -0.32822686  0.33264851]\n",
      " [-0.18455984  0.31738006  0.93016534  0.04599894]\n",
      " [ 0.          0.          0.          1.        ]]\n",
      "67 True [[ 0.9817578   0.09035054  0.16729732  0.44117851]\n",
      " [-0.02933075  0.94131772 -0.33624494  0.33769631]\n",
      " [-0.18785985  0.32520414  0.92679607  0.04674331]\n",
      " [ 0.          0.          0.          1.        ]]\n",
      "68 True [[ 0.98105437  0.09130485  0.17086765  0.44785605]\n",
      " [-0.02749172  0.93866323 -0.34373761  0.34424508]\n",
      " [-0.19177209  0.33252784  0.92338979  0.04681127]\n",
      " [ 0.          0.          0.          1.        ]]\n",
      "69 True [[ 0.98044755  0.09322143  0.17329849  0.45390687]\n",
      " [-0.02723902  0.93648403 -0.34965081  0.34795   ]\n",
      " [-0.19488622  0.3380938   0.92071274  0.04696285]\n",
      " [ 0.          0.          0.          1.        ]]\n",
      "70 True [[ 0.97976113  0.09665305  0.17528923  0.46236668]\n",
      " [-0.02793467  0.93315219 -0.35839454  0.35186608]\n",
      " [-0.19821145  0.34624439  0.91696621  0.04807082]\n",
      " [ 0.          0.          0.          1.        ]]\n",
      "71 True [[ 0.97925542  0.09876801  0.17692849  0.46879151]\n",
      " [-0.02828155  0.93123557 -0.36331869  0.35555842]\n",
      " [-0.20064637  0.35077799  0.91471079  0.04836838]\n",
      " [ 0.          0.          0.          1.        ]]\n",
      "72 True [[ 0.97880668  0.09920834  0.1791513   0.4746899 ]\n",
      " [-0.02720312  0.930056   -0.36640937  0.36013356]\n",
      " [-0.20297161  0.35377046  0.9130438   0.04758292]\n",
      " [ 0.          0.          0.          1.        ]]\n",
      "73 True [[ 0.97815912  0.10182417  0.18120863  0.48170922]\n",
      " [-0.02731734  0.92720597 -0.37355434  0.36251392]\n",
      " [-0.20605459  0.36044545  0.90973655  0.04806752]\n",
      " [ 0.          0.          0.          1.        ]]\n",
      "74 True [[ 0.97749801  0.10180183  0.18475399  0.48690901]\n",
      " [-0.02437242  0.92448003 -0.38045059  0.36613709]\n",
      " [-0.20953194  0.36738679  0.90615855  0.04893759]\n",
      " [ 0.          0.          0.          1.        ]]\n",
      "75 True [[ 0.97665949  0.10581129  0.18692303  0.49444066]\n",
      " [-0.02468019  0.91976321 -0.39169698  0.36726127]\n",
      " [-0.21337089  0.37794128  0.90090691  0.05050067]\n",
      " [ 0.          0.          0.          1.        ]]\n",
      "76 True [[ 0.97564221  0.10460757  0.19281994  0.49933695]\n",
      " [-0.01880401  0.91562481 -0.40159385  0.37140393]\n",
      " [-0.21856047  0.38818612  0.89528926  0.05112152]\n",
      " [ 0.          0.          0.          1.        ]]\n",
      "77 True [[ 0.97473273  0.10526883  0.19701415  0.50450293]\n",
      " [-0.0152012   0.91120676 -0.41166875  0.37325622]\n",
      " [-0.22285652  0.39827215  0.88978327  0.05204875]\n",
      " [ 0.          0.          0.          1.        ]]\n",
      "78 True [[ 0.97426983  0.10705998  0.19833422  0.51102229]\n",
      " [-0.01463438  0.90817268 -0.41833984  0.37440272]\n",
      " [-0.22490918  0.40467339  0.88637199  0.05225493]\n",
      " [ 0.          0.          0.          1.        ]]\n",
      "79 True [[ 0.97363157  0.10888731  0.20046227  0.51810686]\n",
      " [-0.0138364   0.90530298 -0.424541    0.37533876]\n",
      " [-0.22770622  0.41057285  0.88293817  0.05175481]\n",
      " [ 0.          0.          0.          1.        ]]\n",
      "80 True [[ 0.97295042  0.11300609  0.20148723  0.52564051]\n",
      " [-0.01537648  0.90193104 -0.43160627  0.37394449]\n",
      " [-0.23050173  0.41683333  0.87927182  0.05123494]\n",
      " [ 0.          0.          0.          1.        ]]\n",
      "81 True [[ 0.97203566  0.11714277  0.20352946  0.53417215]\n",
      " [-0.01559231  0.89698013 -0.4417958   0.37263017]\n",
      " [-0.23431507  0.42626778  0.8737232   0.05137759]\n",
      " [ 0.          0.          0.          1.        ]]\n",
      "82 True [[ 0.97120124  0.12374796  0.203604    0.54314452]\n",
      " [-0.01872111  0.89153562 -0.45256355  0.36930015]\n",
      " [-0.23752403  0.43571859  0.8681772   0.05173692]\n",
      " [ 0.          0.          0.          1.        ]]\n",
      "83 True [[ 0.97018354  0.12977431  0.20470105  0.55271414]\n",
      " [-0.020319    0.88515221 -0.46485772  0.36616007]\n",
      " [-0.24151818  0.44683799  0.86139699  0.05225674]\n",
      " [ 0.          0.          0.          1.        ]]\n",
      "84 True [[ 0.96923593  0.13238586  0.20749867  0.56048511]\n",
      " [-0.01806257  0.87901667 -0.47644878  0.36547172]\n",
      " [-0.24546987  0.45804332  0.85436576  0.05316376]\n",
      " [ 0.          0.          0.          1.        ]]\n",
      "85 True [[ 0.96891298  0.13554337  0.20696772  0.56957274]\n",
      " [-0.01932113  0.87546642 -0.48289258  0.36399996]\n",
      " [-0.24664618  0.46388204  0.85086962  0.05284206]\n",
      " [ 0.          0.          0.          1.        ]]\n",
      "86 True [[ 0.96842829  0.14079575  0.20572604  0.58088793]\n",
      " [-0.02300747  0.87219691 -0.48861355  0.36161906]\n",
      " [-0.24822832  0.46845395  0.84789952  0.05199696]\n",
      " [ 0.          0.          0.          1.        ]]\n",
      "87 True [[ 0.96772199  0.14680911  0.20484442  0.59138415]\n",
      " [-0.02681033  0.86816749 -0.49554659  0.35860479]\n",
      " [-0.25059002  0.47405938  0.84408077  0.0513738 ]\n",
      " [ 0.          0.          0.          1.        ]]\n",
      "88 True [[ 0.96749868  0.14661372  0.20603573  0.59974567]\n",
      " [-0.02570847  0.86757576 -0.49664009  0.35982471]\n",
      " [-0.25156585  0.47520177  0.84314761  0.04949826]\n",
      " [ 0.          0.          0.          1.        ]]\n",
      "89 True [[ 0.96643478  0.14247861  0.21378414  0.60693018]\n",
      " [-0.01468878  0.86141195 -0.50769448  0.36420929]\n",
      " [-0.25649182  0.48751338  0.83459131  0.04977602]\n",
      " [ 0.          0.          0.          1.        ]]\n",
      "90 True [[ 0.96514934  0.14509706  0.21779255  0.61639849]\n",
      " [-0.01004969  0.85215859 -0.5231871   0.36331835]\n",
      " [-0.26150671  0.50276494  0.82391848  0.05164099]\n",
      " [ 0.          0.          0.          1.        ]]\n",
      "91 True [[ 0.96452218  0.1494967   0.21759527  0.62873933]\n",
      " [-0.01132286  0.84688572 -0.53165437  0.36048051]\n",
      " [-0.2637589   0.51032863  0.81853279  0.05144934]\n",
      " [ 0.          0.          0.          1.        ]]\n",
      "92 True [[ 0.96400975  0.15219543  0.21799486  0.64001964]\n",
      " [-0.01258332  0.84513954 -0.53439762  0.35929809]\n",
      " [-0.26556895  0.51242142  0.81663788  0.04922426]\n",
      " [ 0.          0.          0.          1.        ]]\n",
      "93 True [[ 0.96348098  0.15760498  0.2164834   0.65273938]\n",
      " [-0.01647522  0.84180551 -0.53952947  0.35565189]\n",
      " [-0.26726945  0.51625977  0.81366018  0.04755249]\n",
      " [ 0.          0.          0.          1.        ]]\n",
      "94 True [[ 0.96275282  0.15969196  0.2181868   0.66523474]\n",
      " [-0.01553148  0.83828463 -0.54501161  0.35544507]\n",
      " [-0.26993661  0.52132271  0.80954114  0.04592738]\n",
      " [ 0.          0.          0.          1.        ]]\n",
      "95 True [[ 0.9623317   0.16076585  0.21925336  0.67681394]\n",
      " [-0.01445929  0.83556205 -0.54920578  0.35543636]\n",
      " [-0.27149332  0.52534788  0.80641241  0.04428747]\n",
      " [ 0.          0.          0.          1.        ]]\n",
      "96 True [[ 0.96193736  0.16192355  0.22013015  0.68787116]\n",
      " [-0.01322102  0.83217382 -0.55435723  0.35559002]\n",
      " [-0.27295004  0.53034658  0.80263988  0.04286195]\n",
      " [ 0.          0.          0.          1.        ]]\n",
      "97 True [[ 0.96091633  0.1628115   0.22390226  0.69967625]\n",
      " [-0.00844443  0.82564326 -0.56412932  0.3573686 ]\n",
      " [-0.27671013  0.54019035  0.79474895  0.04275234]\n",
      " [ 0.          0.          0.          1.        ]]\n",
      "98 True [[ 0.96085042  0.16800493  0.22031981  0.7129681 ]\n",
      " [-0.01302493  0.82169442 -0.56977946  0.3539473 ]\n",
      " [-0.27676132  0.54460318  0.79171368  0.04232698]\n",
      " [ 0.          0.          0.          1.        ]]\n",
      "99 True [[ 0.96001701  0.16934606  0.22291086  0.72449518]\n",
      " [-0.00958361  0.81569079 -0.57840876  0.35519524]\n",
      " [-0.27977759  0.55314595  0.78469998  0.04190595]\n",
      " [ 0.          0.          0.          1.        ]]\n",
      "100 True [[ 0.95948315  0.17281388  0.22254763  0.73608999]\n",
      " [-0.01065857  0.81152671 -0.5842181   0.35412247]\n",
      " [-0.28156434  0.55817538  0.78048816  0.04015071]\n",
      " [ 0.          0.          0.          1.        ]]\n",
      "101 True [[ 0.95898703  0.17164775  0.22556802  0.74543319]\n",
      " [-0.00636885  0.80864239 -0.58826603  0.35750066]\n",
      " [-0.2833784   0.56270289  0.77657076  0.03838318]\n",
      " [ 0.          0.          0.          1.        ]]\n",
      "102 True [[ 0.95857674  0.167781    0.23017422  0.75408299]\n",
      " [ 0.00116458  0.80578302 -0.59220974  0.36346951]\n",
      " [-0.28483202  0.56794653  0.77220946  0.0376725 ]\n",
      " [ 0.          0.          0.          1.        ]]\n",
      "103 True [[ 9.58607553e-01  1.69024530e-01  2.29133732e-01  7.57186059e-01]\n",
      " [ 7.65005685e-05  8.04585555e-01 -5.93836744e-01  3.62482242e-01]\n",
      " [-2.84730668e-01  5.69273917e-01  7.71268860e-01  3.74966297e-02]\n",
      " [ 0.00000000e+00  0.00000000e+00  0.00000000e+00  1.00000000e+00]]\n",
      "104 True [[ 0.95816339  0.16821737  0.23157252  0.7655522 ]\n",
      " [ 0.00331595  0.80248842 -0.59665848  0.36529672]\n",
      " [-0.28620259  0.57246419  0.76835723  0.03580887]\n",
      " [ 0.          0.          0.          1.        ]]\n",
      "105 True [[ 0.95798449  0.16830306  0.23224943  0.77468632]\n",
      " [ 0.00375583  0.80230885 -0.59689731  0.36679788]\n",
      " [-0.28679542  0.57269065  0.76796732  0.03341255]\n",
      " [ 0.          0.          0.          1.        ]]\n",
      "106 True [[ 0.95795333  0.16977763  0.23130278  0.78555714]\n",
      " [ 0.00214011  0.80189597 -0.59745985  0.36614703]\n",
      " [-0.28691608  0.57283367  0.76781557  0.03086384]\n",
      " [ 0.          0.          0.          1.        ]]\n",
      "107 True [[ 0.95758225  0.17124925  0.23175402  0.79412154]\n",
      " [ 0.00265549  0.79897605 -0.60135698  0.36578816]\n",
      " [-0.28814784  0.57646419  0.76463054  0.02980758]\n",
      " [ 0.          0.          0.          1.        ]]\n",
      "108 True [[ 0.95727867  0.17147092  0.23284174  0.80375825]\n",
      " [ 0.0043839   0.79651711 -0.6046001   0.36611554]\n",
      " [-0.28913376  0.57979153  0.76173712  0.02823884]\n",
      " [ 0.          0.          0.          1.        ]]\n",
      "109 True [[ 0.9571432   0.17206939  0.23295711  0.8123845 ]\n",
      " [ 0.00451125  0.79541246 -0.6060517   0.36572665]\n",
      " [-0.28957993  0.58112919  0.76054739  0.02668935]\n",
      " [ 0.          0.          0.          1.        ]]\n",
      "110 True [[ 0.95700158  0.17357018  0.23242497  0.82151431]\n",
      " [ 0.00317894  0.79491362 -0.60671429  0.3644053 ]\n",
      " [-0.29006529  0.58136539  0.76018183  0.02432012]\n",
      " [ 0.          0.          0.          1.        ]]\n",
      "111 True [[ 0.9560502   0.17819003  0.23284398  0.838429  ]\n",
      " [ 0.00446791  0.78519308 -0.6192349   0.36023951]\n",
      " [-0.29316897  0.59305998  0.74988787  0.02326189]\n",
      " [ 0.          0.          0.          1.        ]]\n",
      "112 True [[ 9.56044869e-01  1.83205481e-01  2.28940955e-01  8.50352642e-01]\n",
      " [-2.74256040e-04  7.81339467e-01 -6.24106210e-01  3.54450642e-01]\n",
      " [-2.93220282e-01  5.96610751e-01  7.47045834e-01  2.24006348e-02]\n",
      " [ 0.00000000e+00  0.00000000e+00  0.00000000e+00  1.00000000e+00]]\n",
      "113 True [[ 0.95540237  0.18901381  0.22689225  0.86077647]\n",
      " [-0.00367629  0.77587952 -0.6308704   0.34897925]\n",
      " [-0.29528426  0.60190095  0.741972    0.0206604 ]\n",
      " [ 0.          0.          0.          1.        ]]\n",
      "114 True [[ 9.54769057e-01  1.88694594e-01  2.29805131e-01  8.67682468e-01]\n",
      " [-5.25357346e-04  7.73917431e-01 -6.33286297e-01  3.51257080e-01]\n",
      " [-2.97347897e-01  6.04521430e-01  7.39011548e-01  1.77763931e-02]\n",
      " [ 0.00000000e+00  0.00000000e+00  0.00000000e+00  1.00000000e+00]]\n",
      "115 True [[ 0.95413617  0.18896898  0.23219581  0.87851702]\n",
      " [ 0.00247161  0.77060844 -0.63730411  0.35325559]\n",
      " [-0.29936276  0.6086488   0.73479832  0.01460894]\n",
      " [ 0.          0.          0.          1.        ]]\n",
      "116 True [[ 9.53867937e-01  1.92125621e-01  2.30702631e-01  8.88445212e-01]\n",
      " [ 5.87140705e-04  7.67233345e-01 -6.41367796e-01  3.51073866e-01]\n",
      " [-3.00225937e-01  6.11915631e-01  7.31726484e-01  1.30834509e-02]\n",
      " [ 0.00000000e+00  0.00000000e+00  0.00000000e+00  1.00000000e+00]]\n",
      "117 True [[ 0.95322744  0.19627327  0.22985701  0.89835443]\n",
      " [-0.00129439  0.76312033 -0.64625512  0.34847077]\n",
      " [-0.30225117  0.61573059  0.7276813   0.0108    ]\n",
      " [ 0.          0.          0.          1.        ]]\n",
      "118 True [[ 0.95252046  0.20585137  0.22434345  0.91202308]\n",
      " [-0.00890299  0.75533704 -0.65527604  0.33967844]\n",
      " [-0.30434438  0.62216651  0.72130668  0.00907631]\n",
      " [ 0.          0.          0.          1.        ]]\n",
      "119 True [[ 0.95194153  0.20755839  0.22522618  0.91961829]\n",
      " [-0.00673912  0.74937725 -0.662109    0.33982983]\n",
      " [-0.30620566  0.62877123  0.71476208  0.00826221]\n",
      " [ 0.          0.          0.          1.        ]]\n",
      "120 True [[ 0.95102557  0.20948342  0.22730389  0.93098473]\n",
      " [-0.00215668  0.73982307 -0.67279802  0.34157065]\n",
      " [-0.30910469  0.6393579   0.70404245  0.00742601]\n",
      " [ 0.          0.          0.          1.        ]]\n",
      "121 True [[ 0.95021122  0.21468198  0.22585456  0.94171676]\n",
      " [-0.00306073  0.73120214 -0.68215399  0.3385927 ]\n",
      " [-0.3115915   0.6474991   0.69545356  0.00643584]\n",
      " [ 0.          0.          0.          1.        ]]\n",
      "122 True [[ 0.94933597  0.22000708  0.22440611  0.95314955]\n",
      " [-0.00365405  0.72175042 -0.69214375  0.3358193 ]\n",
      " [-0.31424173  0.65625697  0.68598755  0.00542735]\n",
      " [ 0.          0.          0.          1.        ]]\n",
      "123 True [[ 0.94857755  0.22334882  0.22431216  0.96490831]\n",
      " [-0.00219432  0.71324942 -0.70090688  0.33559513]\n",
      " [-0.31653724  0.66437231  0.67706248  0.00372202]\n",
      " [ 0.          0.          0.          1.        ]]\n",
      "124 True [[ 0.94770425  0.22534101  0.22600461  0.97485471]\n",
      " [ 0.0020108   0.70391569 -0.71028069  0.33707673]\n",
      " [-0.31914356  0.67359048  0.66665078  0.00312374]\n",
      " [ 0.          0.          0.          1.        ]]\n",
      "125 True [[ 0.94713523  0.23177404  0.22184601  0.98679737]\n",
      " [-0.00107566  0.69375538 -0.72020991  0.33121254]\n",
      " [-0.32083282  0.68189755  0.65732947  0.00354314]\n",
      " [ 0.          0.          0.          1.        ]]\n",
      "126 True [[ 9.46366484e-01  2.36807475e-01  2.19801497e-01  1.00101226e+00]\n",
      " [-6.90923142e-04  6.81781305e-01 -7.31555722e-01  3.27485869e-01]\n",
      " [-3.23094415e-01  6.92167951e-01  6.45378592e-01  5.88260531e-03]\n",
      " [ 0.00000000e+00  0.00000000e+00  0.00000000e+00  1.00000000e+00]]\n",
      "127 True [[ 0.94554882  0.23933421  0.22058231  1.01198149]\n",
      " [ 0.0040982   0.66890502 -0.74333659  0.32704755]\n",
      " [-0.32545449  0.70376503  0.63150151  0.00923115]\n",
      " [ 0.          0.          0.          1.        ]]\n",
      "128 True [[ 0.94464091  0.24714197  0.21581103  1.02675102]\n",
      " [ 0.00192456  0.65356291 -0.75686975  0.31783697]\n",
      " [-0.32810037  0.71538547  0.61690662  0.01196731]\n",
      " [ 0.          0.          0.          1.        ]]\n",
      "129 True [[ 0.94426193  0.25612382  0.20680907  1.04133084]\n",
      " [-0.00694278  0.64358095 -0.76534656  0.30459675]\n",
      " [-0.32912186  0.7212518   0.6094872   0.01294445]\n",
      " [ 0.          0.          0.          1.        ]]\n",
      "130 True [[ 0.94389707  0.25611259  0.20848182  1.05188346]\n",
      " [-0.00139114  0.6343824  -0.77301813  0.30658472]\n",
      " [-0.33023687  0.72935952  0.59914798  0.01519956]\n",
      " [ 0.          0.          0.          1.        ]]\n",
      "131 True [[ 0.94333483  0.25891564  0.20756225  1.06400944]\n",
      " [ 0.00148767  0.62217843 -0.78287405  0.30560465]\n",
      " [-0.33183909  0.73882115  0.5865374   0.01688172]\n",
      " [ 0.          0.          0.          1.        ]]\n",
      "132 True [[ 0.94265178  0.26192     0.20689497  1.07448457]\n",
      " [ 0.00402385  0.61089576 -0.79170081  0.30525108]\n",
      " [-0.33375354  0.7471307   0.57480805  0.01841741]\n",
      " [ 0.          0.          0.          1.        ]]\n",
      "133 True [[ 0.94219953  0.26472813  0.20537541  1.08530966]\n",
      " [ 0.00611956  0.59926615 -0.80052647  0.30504204]\n",
      " [-0.3349964   0.75551247  0.56300827  0.01994071]\n",
      " [ 0.          0.          0.          1.        ]]\n",
      "134 True [[ 0.94173195  0.263396    0.20919722  1.09375562]\n",
      " [ 0.01707521  0.58369917 -0.81179044  0.31261272]\n",
      " [-0.3359306   0.76806108  0.54519062  0.02381245]\n",
      " [ 0.          0.          0.          1.        ]]\n",
      "135 True [[ 0.94120165  0.263276    0.21171962  1.1014818 ]\n",
      " [ 0.02550923  0.56950697 -0.82159059  0.31775467]\n",
      " [-0.33688088  0.77868323  0.52930493  0.02652213]\n",
      " [ 0.          0.          0.          1.        ]]\n",
      "136 True [[ 0.94099052  0.2621462   0.2140472   1.11009514]\n",
      " [ 0.03379484  0.55652083 -0.83014606  0.32376188]\n",
      " [-0.33674136  0.78839326  0.51482164  0.02986204]\n",
      " [ 0.          0.          0.          1.        ]]\n",
      "137 True [[ 0.94027303  0.26656041  0.21173609  1.11874836]\n",
      " [ 0.03782754  0.53631728 -0.84316834  0.32090115]\n",
      " [-0.33831302  0.80081791  0.49420135  0.03377824]\n",
      " [ 0.          0.          0.          1.        ]]\n",
      "138 True [[ 0.93941916  0.27108364  0.2097744   1.12692854]\n",
      " [ 0.04391708  0.51176309 -0.8580034   0.3178288 ]\n",
      " [-0.33994548  0.81523751  0.46885485  0.03907773]\n",
      " [ 0.          0.          0.          1.        ]]\n",
      "139 True [[ 0.93955837  0.27279697  0.20691031  1.13592813]\n",
      " [ 0.04616699  0.49785689 -0.86602952  0.31620249]\n",
      " [-0.33926195  0.82323771  0.45517139  0.04352179]\n",
      " [ 0.          0.          0.          1.        ]]\n",
      "140 True [[ 0.93923872  0.27086086  0.21086733  1.14128436]\n",
      " [ 0.05668896  0.48346993 -0.87352343  0.32278066]\n",
      " [-0.33855132  0.83240088  0.43873885  0.04960203]\n",
      " [ 0.          0.          0.          1.        ]]\n",
      "141 True [[ 0.9384662   0.26944595  0.2160557   1.14684427]\n",
